kmean clustering 
Group.1    Balance  Qual_miles   cc1_miles   cc2_miles   cc3_miles Bonus_miles Bonus_trans Flight_miles_12mo
1       1 -0.4191317 -0.04985556 -0.70908188 -0.09822960 -0.06275873  -0.5912333 -0.62878941       -0.22122064
2       2 -0.1531877  0.05999707 -0.20423745 -0.08242386 -0.06275873  -0.2382419 -0.08332806       -0.03696463
3       3  0.2281267 -0.10602377  0.74450594  0.45378233 -0.05473070   0.3039888  0.58966073       -0.19785286
4       4  1.1102355  0.81836945  0.06891971  0.10096927 -0.06275873   0.6288476  1.73195774        3.87823052
5       5  0.7843303  0.04280752  1.64260070 -0.09822960  0.35300708   1.6926542  0.99854214        0.01358508
6       6 -0.2542211 -0.08862487 -0.69878440 -0.09822960 -0.05628353  -0.5882310 -0.62068486       -0.19800013
  Flight_trans_12 Days_since_enroll      Award
1     -0.24562807       -1.03518867 -0.7668234
2     -0.03850483        0.06143200  1.3037551
3     -0.21832355        0.09130172 -0.7278784
4      4.19327588        0.23558472  0.9079092
5      0.03719501        0.52487609  1.0283932
6     -0.22047478        0.74118558 -0.7668234

==============================================================================================================================================================
Hierachical clustering 
Group.1     Balance   Qual_miles   cc1_miles  cc2_miles   cc3_miles Bonus_miles Bonus_trans Flight_miles_12mo
1       1 -0.07639995 -0.008716739 -0.01883535 -0.0982296 -0.05869590 -0.06515169 -0.09136125       -0.13531575
2       2 -0.04688380 -0.156216064 -0.66814372  9.0371235 -0.06275873 -0.10165261  0.61777389        0.08753845
3       3  0.59397240  0.246047329  0.41426275 -0.0982296 -0.06275873  1.15913274  1.89931065        3.41819524
4       4  7.27191389  0.309048654  1.09804087 -0.0982296 -0.06275873  1.70872967  1.00089286        0.63157499
5       5  0.63963927 -0.084422366  1.02195660 -0.0982296 15.64434291  3.17929372  1.71439935        0.03328853
6       6  0.57948685  0.262239839  0.31990627 -0.0982296 -0.06275873  2.00776234  6.00262786       13.92645087
  Flight_trans_12 Days_since_enroll       Award
1     -0.14637967       -0.02240282 -0.04140919
2      0.22031926       -0.07245492  0.05177741
3      3.63386776        0.40250550  0.91246469
4      1.11609729        1.31581426  1.00795819
5      0.05968793        0.23984262  0.33748514
6     12.62173226       -0.92890286  1.30375512

==============================================================================================================================================================

Crime dataset clustering 

 Group.1 city_code    Murder   Assault UrbanPop   Rape
1       1  17.25000 13.025000 249.87500 55.37500 20.025
2       2  13.90000 10.780000 271.30000 75.20000 35.170
3       3  27.28571  5.204762 117.90476 68.47619 16.800
4       4  35.80000 10.180000 196.00000 72.40000 27.200
5       5  41.00000  2.866667  61.66667 47.00000 10.150